Multiple size <= 100
TEST 1 ARG:77 88 0 91 18 6 11 79 19 87 17 22 60 42 33 3 59 57 43 76 83 99 32 86 52 92 38 94 67 45 75 70 21 35 23 26 58 30 97 48 47 9 71 44 54 46 36 10 63 62 61 2 20 4 98 51 34 89 28 13 31 55 25 37 96 29 73 80 74 64 82 85 16 40 41 78 56 72 5 53 49 90 12 84 7 81 93 68 95 66 8 50 27 15 69 14 1 65 24 39
TEST 2 ARG:71 92 86 16 64 35 7 34 36 58 24 51 25 52 22 13 62 57 10 23 32 43 90 99 89 56 66 72 46 6 70 0 96 80 85 29 69 3 38 81 30 83 87 63 21 59 55 78 15 42 48 1 95 98 9 2 74 84 26 68 20 47 44 8 37 28 88 18 12 39 17 50 93 27 91 33 11 19 73 31 54 14 49 82 4 94 76 45 77 65 60 67 53 61 40 5 41 79 75 97
TEST 3 ARG:55 88 48 57 29 16 23 5 73 7 74 32 70 98 40 21 67 87 47 85 66 99 10 94 52 44 14 36 35 76 77 53 91 3 50 61 69 78 83 37 45 24 30 6 62 90 86 54 95 56 27 12 65 2 38 19 39 82 96 26 46 22 15 92 34 59 18 79 84 63 1 80 93 17 58 25 9 8 0 81 68 33 28 41 89 51 11 4 72 49 64 43 97 31 20 42 75 71 13 60
TEST 4 ARG:3 52 49 26 94 19 96 24 56 5 14 93 79 2 61 32 25 30 99 10 31 12 85 80 59 63 6 97 4 38 91 15 51 76 55 18 69 86 20 98 83 36 1 54 43 48 92 9 22 75 60 21 71 66 34 46 82 73 62 89 17 88 41 81 58 53 90 68 39 57 28 87 47 37 84 67 27 44 77 42 13 72 74 23 40 11 0 65 7 50 33 45 70 16 29 8 95 78 64 35
TEST 5 ARG:61 88 15 65 66 48 4 10 36 73 75 12 46 72 74 24 40 16 37 98 54 43 60 8 92 89 18 87 23 49 76 79 44 51 34 86 83 56 14 28 1 69 50 63 97 93 71 30 32 99 17 33 64 47 13 77 68 6 57 19 26 20 41 27 62 5 2 91 39 38 25 55 11 96 70 29 52 95 35 3 82 9 0 53 80 59 90 42 21 31 81 45 67 7 84 85 58 78 22 94
TEST 6 ARG:80 97 85 57 50 16 26 9 6 83 98 24 32 25 22 81 29 51 34 88 58 75 41 48 1 21 20 79 35 10 53 95 2 68 11 87 91 14 39 78 63 28 7 27 73 31 23 77 72 37 33 59 54 90 12 4 36 70 45 56 60 46 30 47 13 93 55 64 42 74 67 69 3 5 94 66 43 18 99 92 19 0 49 52 71 15 65 76 84 62 61 38 89 96 82 17 86 44 8 40
TEST 7 ARG:26 33 43 88 61 11 89 9 84 1 47 75 2 28 91 52 59 35 3 81 73 32 86 99 94 16 22 77 82 97 41 38 66 12 23 54 71 45 76 48 18 67 15 19 93 10 64 25 0 42 79 53 31 92 36 44 4 62 37 13 21 95 58 83 5 34 17 69 40 60 56 50 20 96 57 24 65 90 7 27 46 51 6 80 8 87 78 72 14 39 49 74 29 98 63 68 55 85 70 30
TEST 8 ARG:29 39 38 70 46 37 20 28 97 78 69 85 83 95 27 1 80 91 3 6 8 18 89 81 67 30 19 31 66 12 74 42 48 11 90 65 35 73 26 63 62 41 16 34 94 43 59 15 86 47 22 82 55 54 2 24 4 56 64 17 84 49 68 60 96 93 58 92 13 50 72 77 0 87 33 5 71 61 10 88 79 14 99 45 44 36 53 7 75 25 32 57 51 52 76 23 21 98 40 9
TEST 9 ARG:27 6 32 52 48 85 19 31 47 59 65 97 42 76 56 67 36 44 37 17 5 16 66 61 94 24 83 81 93 11 50 92 89 53 88 45 62 72 64 3 7 12 71 99 87 90 78 43 69 0 91 9 26 13 96 73 80 77 18 39 98 21 38 74 55 15 95 29 68 49 10 84 23 4 2 35 28 54 25 86 20 51 46 75 8 60 34 1 79 14 58 41 57 82 22 33 70 63 40 30
TEST 10 ARG:90 27 28 17 63 16 62 43 86 98 48 57 21 68 94 2 46 37 52 3 1 44 22 71 58 50 42 29 70 83 32 53 82 79 95 33 31 72 19 14 67 18 89 41 88 36 69 40 4 65 39 60 75 74 61 84 12 20 38 26 76 35 7 77 24 96 11 92 0 23 51 10 30 73 78 59 49 66 97 87 99 80 55 5 56 91 93 81 85 45 25 13 64 47 34 54 8 9 15 6
TEST 11 ARG:70 4 45 18 3 43 28 75 26 64 98 72 78 31 23 83 17 84 97 2 11 89 57 35 38 54 37 90 34 71 68 27 63 36 9 55 16 30 33 46 91 7 61 52 76 51 50 96 29 22 8 92 32 82 21 5 62 13 20 10 67 25 40 65 95 77 42 73 99 15 53 66 48 86 1 60 87 0 79 19 39 47 56 44 41 12 59 93 85 88 14 81 6 58 80 74 49 69 94 24
TEST 12 ARG:48 93 33 62 61 63 35 10 2 9 14 26 65 12 54 49 23 18 28 36 24 77 4 8 84 78 86 74 72 53 22 30 29 6 32 56 41 98 52 60 99 38 73 69 67 5 82 17 58 15 13 79 97 34 55 46 21 11 81 91 27 88 66 37 87 57 31 1 0 19 96 85 47 76 59 89 64 70 44 42 83 80 16 71 94 68 50 95 3 39 92 51 20 45 75 7 40 90 43 25
TEST 13 ARG:58 60 43 99 54 61 11 6 41 9 93 69 90 22 78 50 66 20 34 25 12 1 23 86 44 76 91 17 5 82 30 38 97 36 37 19 51 79 42 52 3 16 32 75 77 98 80 70 29 81 7 63 28 83 40 13 74 96 47 10 64 15 57 46 56 39 65 95 67 89 4 73 62 59 21 18 72 68 35 0 27 71 2 92 48 94 88 31 49 55 8 14 24 85 87 26 84 33 53 45
TEST 14 ARG:50 21 48 61 15 7 45 17 79 18 53 0 6 40 49 37 5 28 85 82 96 73 25 52 80 97 33 41 76 62 69 65 27 51 77 3 67 91 60 92 94 71 9 32 26 36 89 87 8 70 30 44 42 68 83 81 56 29 86 11 90 47 22 98 34 84 31 2 35 66 23 63 43 12 59 39 10 99 64 74 13 46 54 88 78 16 14 24 19 1 20 4 75 38 93 57 72 95 58 55
